30
Sistemas Operacionais
2020
1
475.235.784-21
30
711098200
74
093351102
41
199352170
13
293214892
82
852358320
76
923308211
52
593620532
83
950166721
20
124817411
100
195788255
67
116400484
86
983507988
37
491749416
56
462618220
33
913616883
79
976557845
43
352030876
21
165277423
96
569715607
61
273437074
19
968488716
97
685194292
64
454206923
51
458951729
90
953246145
25
435307267
57
940615869
54
381752460
90
054997669
100
977101067
36
Analise de Sistemas
2020
1
475.235.784-21
37
131448185
5
113487030
87
959928348
55
542381298
91
112249457
67
822268956
41
045870310
95
286961474
6
144835086
62
632182491
37
800881547
24
351174243
70
996094481
65
301605128
60
701956057
92
478944097
31
585513414
45
949710725
33
302444569
88
124817411
89
085114196
12
881362977
17
989824431
97
246239127
98
354428032
88
513782203
69
507749244
36
696962989
42
610051865
51
131905386
73
706341633
6
298408702
33
080258128
95
970685893
37
973828702
50
440448034
79
755409544
5
Analise de Sistemas
2020
2
475.235.784-21
30
700501814
64
569715607
18
057898608
22
970685893
60
513782203
70
273437074
100
416471104
55
359386707
3
585513414
46
917867294
41
352636310
2
458820915
80
910428164
28
126939839
20
176543129
6
938853250
52
303978247
96
923308211
2
217188235
12
497393414
57
553163948
43
068180940
51
883506127
84
973370071
75
060746528
28
082502460
14
989824431
48
782512866
52
696962989
54
697194694
63
Sistemas Operacionais
2020
2
475.235.784-21
31
279231752
0
642663544
3
933835396
94
963411284
82
532307684
43
468003358
20
364668820
11
917867294
26
806948418
6
513782203
67
354428032
84
540843048
4
902046408
52
585513414
46
757287979
14
856768804
45
054997669
79
706341633
58
950166721
37
925909986
38
902566004
41
545231898
27
351174243
23
329144220
31
844935298
30
935956502
58
949710725
41
018153724
13
183334133
25
436148770
94
988115972
80
Analise de Sistemas
2021
1
475.235.784-21
47
040918296
27
131905386
33
354428032
50
642663544
58
973828702
19
051548394
89
827381366
82
033227857
44
532307684
76
024525785
70
608527678
51
298408702
62
643066576
75
497393414
28
359509497
21
983507988
68
711098200
41
462906683
70
489694631
48
660349169
21
919171312
7
418144138
80
309051359
11
352636310
66
661035286
85
923308211
80
899588408
64
529695213
0
133307600
45
352030876
64
176543129
77
938119714
64
054997669
65
864496835
51
856768804
41
064460750
94
435552386
38
243948028
30
736033581
72
622540809
90
552742524
9
018667083
30
822268956
55
950166721
26
352151640
17
748837072
2
085332496
15
Programacao Orientada a Objetos
2021
1
475.235.784-21
30
348763917
90
986525477
14
341978044
0
973828702
97
381752460
78
532307684
85
491749416
84
995886119
34
657607081
82
364668820
0
389036168
54
025847078
9
293325523
81
339301449
48
305206855
59
677969468
67
699581388
69
881362977
20
737784356
44
981371439
73
593620532
71
497237046
9
196502858
91
045870310
87
988115972
8
183334133
30
535510350
56
085114196
15
397399994
11
747407842
75
Sistemas Operacionais
2020
1
808.057.644-39
41
699581388
34
947001543
13
549357279
44
984213672
4
119802925
87
137135400
6
004800083
1
183334133
79
302444569
93
917867294
78
518248909
98
060746528
15
381752460
30
354428032
47
852358320
19
093351102
94
750153282
78
923308211
31
440448034
48
116400484
30
082502460
91
524971179
77
303589879
46
147992706
92
258023591
55
777510306
93
734213868
34
716980867
40
468003358
53
329144220
41
661035286
81
614541590
13
271147403
16
622153747
22
680880650
60
068180940
57
752830156
73
295361445
22
022609876
51
226675029
98
365286356
43
Programacao 1
2020
1
808.057.644-39
36
715763149
38
531424804
73
851019004
40
532307684
7
775601858
77
427135328
26
940615869
83
891520559
66
024537986
20
064460750
46
831631423
42
848588078
33
408702098
31
018667083
6
591315372
11
864496835
58
133541543
45
147992706
97
371737922
96
281858903
57
415374570
70
540843048
0
982590928
44
946838511
80
018153724
77
883506127
69
953246145
57
973370071
4
353455765
8
381752460
57
435552386
46
612300898
50
513782203
9
285458762
29
571326305
7
614541590
73
Programacao 1
2020
2
808.057.644-39
38
226675029
84
176543129
36
581136859
35
752830156
6
089297211
25
371737922
90
377955158
33
716980867
88
734213868
79
462906683
14
949710725
64
782512866
49
486556831
64
902566004
34
938853250
92
986525477
6
286961474
7
306622305
68
797089393
68
012171883
8
131448185
99
266322330
43
727079795
31
352636310
38
989824431
88
358326945
25
025847078
96
530769173
12
737784356
3
810525978
52
538231564
21
389036168
10
396764345
97
940615869
77
690683643
43
030196210
36
353455765
24
532307684
30
Analise de Sistemas
2020
2
808.057.644-39
42
090530547
7
116068059
76
800881547
58
549357279
77
529695213
48
144835086
21
498623631
54
273437074
62
116831853
28
259897034
44
303978247
2
409694140
30
068180940
47
902046408
100
825713640
62
782984993
46
171720143
100
514719734
8
935956502
57
039726728
90
246239127
84
388032573
37
902566004
53
970685893
40
359386707
5
702978334
20
126939839
15
977101067
20
302444569
86
172340718
3
697409410
53
239787316
78
593620532
98
642663544
28
540843048
64
887829131
93
851019004
30
626223531
79
891520559
53
775601858
28
339301449
23
221350702
74
Analise de Sistemas
2021
1
808.057.644-39
36
388032573
2
371737922
72
024537986
4
852358320
44
363199576
44
507749244
54
782512866
25
465454108
85
129963786
2
533327597
19
415101869
49
984213672
8
021951672
90
396487494
98
341978044
11
715763149
86
923308211
82
514719734
97
919171312
86
660349169
55
352151640
33
891520559
97
415374570
69
777510306
3
064460750
63
902566004
20
986525477
13
515253895
91
062073596
79
643066576
32
947001543
65
403262191
43
356116587
70
621660745
78
118791168
66
283195103
44
Programacao 2
2021
1
808.057.644-39
35
685194292
58
214361254
11
260637286
92
948120510
56
161198057
23
545231898
96
468003358
45
597314517
5
696962989
97
274903509
25
091994505
20
062073596
53
381752460
71
538231564
67
995886119
91
397399994
18
622153747
73
923308211
21
959928348
24
359509497
72
105824812
81
846798051
46
661035286
61
711098200
18
603372211
95
283195103
9
236887145
34
352030876
2
691416447
90
755409544
16
309051359
2
973370071
46
004800083
77
112249457
50
033227857
35
Programacao Orientada a Objetos
2020
1
471.783.678-89
41
021951672
99
542381298
79
018667083
95
714992066
21
488250265
100
133307600
100
277147753
36
531424804
76
293214892
87
696396367
15
089297211
32
173521609
57
977101067
64
045870310
44
046675206
54
622153747
55
348763917
54
689582073
34
173610029
31
072541011
89
408702098
82
996094481
61
172340718
38
603372211
61
137135400
65
140607291
69
887829131
34
844935298
61
252089127
0
393801734
42
440448034
8
410721443
24
261620722
91
513013559
92
535356999
6
040918296
96
012171883
36
329144220
49
867182435
91
030196210
29
620685237
89
Programacao 1
2020
1
471.783.678-89
32
119802925
46
271147403
2
165277423
44
587280359
72
872100198
38
217188235
55
264207392
62
236887145
57
902566004
74
172908869
1
416471104
14
198349510
13
527211381
100
359351317
51
131448185
1
004800083
19
561971227
47
064460750
33
775601858
78
363199576
44
642663544
9
910428164
23
177573818
49
090530547
7
060746528
68
173521609
47
329179762
33
788555787
19
487928552
91
988115972
88
172340718
71
358326945
35
Sistemas Operacionais
2020
2
471.783.678-89
45
012171883
47
680880650
26
667731544
11
198990320
3
557012378
16
867182435
33
757190462
4
396487494
60
303589879
46
514719734
31
065513852
33
621306114
77
435552386
67
948120510
60
549789435
88
046675206
55
176543129
0
183334133
58
847885784
72
258023591
11
946838511
23
542381298
41
846798051
5
789946032
91
734213868
0
030196210
22
883271282
97
981371439
15
281858903
62
999287998
10
956336900
53
797089393
0
018667083
61
034834955
59
147629491
49
341978044
6
451358888
33
957671240
36
792138537
98
497393414
2
129963786
32
777510306
28
917867294
93
848588078
93
045809495
55
Analise de Sistemas
2020
2
471.783.678-89
37
352030876
68
068180940
60
950166721
54
515253895
25
851019004
57
091994505
5
680880650
68
064460750
48
553163948
94
825713640
6
531424804
11
018153724
26
844935298
28
699581388
69
797089393
68
054997669
21
538231564
5
791174232
72
061810291
36
747565960
15
090530547
48
899588408
98
060564557
69
065513852
18
131905386
79
900244652
29
176543129
2
118791168
45
782984993
44
363199576
51
747407842
21
326730268
63
013367367
60
822268956
0
689582073
79
946838511
81
593620532
37
Analise de Sistemas
2021
1
471.783.678-89
36
363199576
63
960880549
98
371979716
68
486556831
30
887829131
21
677969468
7
714992066
18
984213672
7
976557845
80
747407842
19
298408702
29
737784356
4
973370071
61
057898608
60
465454108
31
789946032
2
581136859
0
408702098
40
542381298
79
791174232
17
177573818
24
065513852
99
696396367
96
528756126
36
440448034
37
435307267
76
848588078
23
612300898
74
124817411
92
917867294
63
116068059
37
925909986
39
359386707
78
362983739
48
045809495
50
782512866
88
Sistemas Operacionais
2021
1
471.783.678-89
45
590782080
34
195788255
52
902046408
81
246239127
4
864496835
41
359509497
51
072541011
9
707494766
63
530769173
40
685194292
98
910428164
4
283195103
18
371979716
74
881362977
48
126939839
32
488100003
10
959928348
33
976557845
31
329179762
63
822268956
64
714992066
52
303978247
42
131905386
1
363199576
71
988115972
31
060564557
27
515253895
10
851019004
8
790649946
1
335674524
42
293214892
7
846798051
42
252089127
4
956336900
56
281858903
17
170106153
66
010376321
85
963411284
45
021951672
87
866125128
2
119802925
10
720615757
55
996094481
36
133541543
14
756378290
84
Programacao 1
2020
1
569.778.576-74
39
621306114
58
274903509
93
393801734
0
093351102
28
365286356
64
587280359
20
298408702
99
535356999
96
436148770
21
938119714
7
397399994
23
060746528
80
956336900
2
973828702
99
902046408
34
747565960
33
468003358
87
657607081
75
354428032
52
995886119
66
771219856
91
277147753
34
887829131
36
124817411
42
777238847
3
010376321
57
953246145
67
755409544
45
261620722
85
306622305
56
960880549
41
608527678
63
806948418
7
614541590
91
415101869
100
737784356
79
661035286
22
883506127
71
986525477
0
Programacao 2
2020
1
569.778.576-74
47
696396367
38
064460750
56
198990320
30
409694140
14
642663544
30
436148770
77
209767451
65
126939839
24
116400484
30
591315372
71
868717473
11
305206855
22
822268956
99
750153282
63
771219856
30
997689265
33
389036168
45
236887145
97
306622305
57
696962989
54
945317327
99
661035286
86
348763917
38
252089127
91
557012378
44
706341633
67
013367367
58
852358320
74
298408702
81
977101067
48
989824431
53
981371439
74
935956502
38
335674524
25
022609876
17
359386707
28
797089393
2
283195103
22
034834955
23
637685765
92
266322330
61
872100198
79
129963786
60
393801734
85
982590928
35
169011818
62
770600443
44
Programacao 1
2020
2
569.778.576-74
32
736033581
44
085332496
89
913616883
30
198349510
90
393801734
15
489434921
73
398950539
80
391862517
64
653548782
16
925909986
14
209767451
42
356116587
87
790649946
64
365286356
22
246239127
78
170106153
5
435307267
99
999287998
20
046675206
91
530769173
57
513782203
39
480651669
65
792138537
12
104504815
97
451358888
33
901221524
15
544656439
30
217188235
49
061810291
43
622540809
24
950166721
84
988115972
16
Programacao Orientada a Objetos
2020
2
569.778.576-74
33
514719734
44
195788255
27
552742524
10
196502858
15
913616883
82
810525978
2
622153747
43
527211381
0
603276954
66
608527678
89
197536731
36
531424804
34
657607081
83
352030876
25
303978247
7
199352170
86
246239127
69
260637286
53
326730268
38
217188235
47
384120081
84
025847078
3
462618220
77
062073596
29
488250265
93
856768804
46
348763917
21
089297211
39
293325523
87
603372211
19
172908869
2
363199576
89
365286356
41
Programacao 1
2021
1
569.778.576-74
33
140607291
88
089297211
22
782512866
7
788555787
67
064541249
4
661035286
18
844935298
4
497237046
22
561971227
63
606852447
30
899588408
7
126939839
79
173610029
44
093351102
88
393801734
35
309051359
65
489694631
20
491749416
15
039726728
90
528756126
43
940615869
52
462906683
30
416471104
54
963411284
53
351174243
75
750153282
35
462618220
86
590782080
51
727079795
42
737784356
3
013367367
70
902046408
31
326730268
20
Sistemas Operacionais
2021
1
569.778.576-74
49
064460750
8
305206855
45
489694631
39
045560961
16
359351317
49
034834955
73
747565960
47
022609876
55
391862517
14
544253548
97
806948418
72
198349510
93
697194694
33
976557845
64
990477425
52
293214892
70
527211381
84
847885784
96
771219856
17
024525785
32
945317327
73
389036168
85
621660745
29
119802925
99
082502460
20
697409410
76
528756126
90
356116587
43
488250265
12
957671240
77
790649946
47
755409544
47
777238847
14
133541543
68
352151640
60
883506127
91
642663544
41
720615757
86
734213868
6
381752460
76
944618816
89
910428164
26
057898608
0
425734841
62
353455765
44
172908869
40
507749244
21
988115972
29
122786953
95
Programacao 2
2020
1
542.401.340-83
45
622153747
35
944618816
65
381131199
29
309051359
90
116068059
52
513782203
34
293325523
77
462618220
57
957263754
24
825713640
13
901221524
72
507749244
90
581136859
74
371979716
83
981371439
59
409694140
26
498623631
91
791174232
7
876187345
48
593620532
60
959731181
58
352151640
81
172908869
14
359351317
37
335674524
78
597122612
91
258023591
12
752830156
97
303978247
99
590782080
72
748837072
29
329144220
38
531424804
48
544656439
43
846798051
66
271147403
71
900244652
58
755409544
75
831631423
18
298408702
62
491749416
72
945317327
5
348763917
18
902566004
78
700501814
75
Analise de Sistemas
2020
1
542.401.340-83
36
532307684
92
868717473
98
259897034
66
603276954
48
480651669
4
334151614
27
701956057
42
917634298
61
587280359
45
252089127
24
847885784
87
359509497
70
197536731
21
463476087
31
752830156
14
853136668
85
800881547
8
397399994
67
707494766
54
612300898
94
199352170
84
881362977
15
171720143
48
540843048
56
529695213
29
064460750
87
060564557
36
451358888
86
243948028
48
415101869
70
085114196
25
938853250
87
359386707
3
632182491
28
851019004
52
867182435
95
Programacao 2
2020
2
542.401.340-83
40
573391264
27
359509497
58
827381366
39
947001543
29
549357279
32
872100198
15
913616883
4
702978334
99
984213672
31
397399994
97
435307267
83
451358888
48
034834955
21
209767451
5
364668820
76
694587903
34
176543129
1
982482158
31
486556831
81
494936053
66
696962989
25
054997669
41
004800083
27
351174243
65
298408702
9
408702098
85
945317327
85
415101869
18
603372211
36
864496835
75
620685237
15
105824812
83
116400484
28
680880650
80
902566004
27
544253548
85
363199576
82
956336900
0
018153724
41
462618220
42
Analise de Sistemas
2020
2
542.401.340-83
47
488250265
81
750153282
70
621306114
16
274903509
5
303589879
4
795269255
1
792138537
44
497237046
39
362983739
82
046675206
68
986525477
72
816985121
31
462618220
18
864496835
48
727079795
86
953246145
41
191515747
20
944618816
65
022609876
44
851019004
76
363199576
82
277147753
34
080258128
85
553163948
8
298408702
40
777238847
13
004800083
10
959731181
69
176543129
58
309654890
42
581136859
3
690683643
86
288443776
86
239787316
41
614541590
90
131905386
95
938853250
56
172340718
10
012171883
13
384120081
24
198349510
3
209767451
27
569715607
70
532307684
38
963411284
34
560625661
83
293325523
15
Sistemas Operacionais
2021
1
542.401.340-83
40
944618816
59
986525477
91
013783703
15
487928552
85
706341633
55
365286356
71
891520559
70
689582073
17
348763917
4
068180940
91
917634298
89
524971179
15
306622305
82
462618220
85
352151640
3
131448185
75
549357279
71
714992066
50
416471104
8
034834955
100
697194694
71
031212708
91
359351317
29
872100198
78
549789435
16
196502858
26
131905386
95
866125128
10
051548394
47
177573818
88
691416447
6
700501814
57
919171312
92
329179762
66
217188235
24
737784356
99
116831853
8
397399994
32
721026257
64
902046408
96
Programacao Orientada a Objetos
2021
1
542.401.340-83
39
329144220
80
486556831
6
191515747
53
364668820
75
940615869
21
435552386
87
775601858
26
217188235
46
680880650
61
398950539
21
782512866
99
214361254
75
045560961
95
298408702
4
699581388
2
702978334
90
791174232
56
891520559
67
236887145
40
757287979
6
396487494
50
973828702
62
381131199
77
000288665
65
721026257
31
354428032
89
587280359
47
129963786
68
777510306
6
727079795
93
603276954
43
700501814
2
093351102
96
144835086
91
524971179
18
902046408
1
281858903
36
489694631
36
831631423
64
